0.124159 74.777194 131.287008 1.024594 
0.123995 74.778016 131.287316 1.024751 
0.124041 74.775844 131.282613 1.024751 
0.124001 74.778142 131.272650 1.024617 
0.123833 74.774737 131.270707 1.024883 
0.123927 74.781381 131.273296 1.024828 
0.123855 74.774849 131.272137 1.024838 
0.123829 74.775029 131.263828 1.024843 
0.123800 74.775915 131.264672 1.025102 
0.123561 74.773004 131.260036 1.024844 
0.123758 74.765471 131.258908 1.024850 
0.123588 74.771535 131.252775 1.024695 
0.123467 74.764739 131.253099 1.024901 
0.123532 74.768196 131.255750 1.024748 
0.123516 74.761273 131.252010 1.024840 
0.123379 74.768701 131.245465 1.024694 
0.123450 74.765918 131.238001 1.024787 
0.123369 74.762057 131.241452 1.024737 
0.123186 74.763042 131.231212 1.024754 
0.123352 74.767696 131.224953 1.024705 
0.123348 74.759591 131.227785 1.024759 
0.123156 74.756319 131.213833 1.024702 
0.123409 74.761759 131.212182 1.024800 
0.123092 74.762770 131.211635 1.024706 
0.123106 74.758086 131.203733 1.024784 
0.123130 74.762475 131.209781 1.024424 
0.123150 74.758655 131.191751 1.024689 
0.122942 74.758576 131.191317 1.024658 
0.123169 74.759639 131.180544 1.024859 
0.123087 74.760494 131.175123 1.024590 
0.123075 74.767479 131.175622 1.024764 
0.123026 74.762423 131.163506 1.024817 
0.123248 74.772349 131.157681 1.024801 
0.123113 74.769709 131.155579 1.024877 
0.122899 74.772075 131.145531 1.024971 
0.123341 74.768489 131.137397 1.024889 
0.122832 74.772009 131.137509 1.024872 
0.122792 74.769614 131.131144 1.024802 
0.122945 74.774846 131.132469 1.024762 
0.122882 74.775550 131.128537 1.024866 
0.122899 74.777554 131.125090 1.024764 
0.123000 74.769889 131.125431 1.024860 
0.122889 74.780545 131.117012 1.024765 
0.122773 74.768399 131.128167 1.024624 
0.123040 74.773272 131.121984 1.024771 
0.122859 74.771623 131.119664 1.024628 
0.122816 74.771186 131.123770 1.024626 
0.122638 74.772976 131.122270 1.024600 
0.122894 74.777019 131.120898 1.024777 
0.122803 74.772828 131.117359 1.024747 
0.122686 74.774202 131.111289 1.024661 
0.122773 74.773280 131.107884 1.024669 
0.122602 74.782459 131.110433 1.024744 
0.122759 74.781200 131.101924 1.024682 
0.122549 74.785708 131.097477 1.024669 
0.122681 74.781432 131.081617 1.024745 
0.122427 74.781207 131.077999 1.024828 
0.122385 74.775417 131.076605 1.024730 
0.122551 74.793277 131.070348 1.024755 
0.122475 74.782208 131.063050 1.024704 
0.122468 74.785520 131.058094 1.024735 
0.122446 74.792469 131.047571 1.024755 
0.122395 74.796241 131.040657 1.024742 
0.122617 74.791194 131.037982 1.024800 
0.122675 74.794351 131.037794 1.024799 
0.122487 74.793915 131.021088 1.024631 
0.122449 74.797529 131.013274 1.024799 
0.122789 74.792970 131.012908 1.024690 
0.122675 74.796512 131.012227 1.024623 
0.122607 74.797756 131.003022 1.024953 
0.122970 74.808091 130.989684 1.024806 
0.122667 74.803110 130.987370 1.024782 
0.122713 74.799496 130.992529 1.024705 
0.122884 74.803708 130.984336 1.024878 
0.122960 74.807607 130.984994 1.024933 
0.122890 74.801825 130.973091 1.024874 
0.122945 74.804407 130.969906 1.024838 
0.122847 74.809639 130.969371 1.024797 
0.122966 74.811558 130.964033 1.024732 
0.123224 74.797111 130.961858 1.024761 
0.123266 74.803333 130.956894 1.024719 
0.123164 74.802463 130.962164 1.024712 
0.123305 74.800274 130.959298 1.024769 
0.123545 74.805731 130.975487 1.024691 
0.123456 74.798952 130.972576 1.024732 
0.123515 74.801543 130.968622 1.024602 
0.123460 74.801760 130.985019 1.024594 
0.123628 74.805500 130.978713 1.024782 
0.123676 74.800706 130.975694 1.024591 
0.123655 74.804621 130.978568 1.024752 
0.123915 74.801654 130.985351 1.024681 
0.123755 74.802901 130.984176 1.024570 
0.123838 74.804432 130.985357 1.024777 
0.123974 74.801430 130.975520 1.024861 
0.123976 74.798463 130.979933 1.024692 
0.123994 74.801254 130.972140 1.024748 
0.123824 74.802611 130.975121 1.024940 
0.123839 74.798709 130.967768 1.024414 
0.123968 74.802193 130.964037 1.024673 
0.123689 74.797699 130.965219 1.024747 
0.123790 74.793728 130.955617 1.024665 
0.124014 74.791477 130.951692 1.024887 
0.123985 74.787283 130.956788 1.024796 
0.123853 74.786958 130.954810 1.024795 
0.124009 74.795948 130.952444 1.024821 
0.123944 74.788781 130.938256 1.024670 
0.123958 74.793426 130.930427 1.024904 
0.123968 74.783976 130.937229 1.024858 
0.123978 74.790153 130.930091 1.024818 
0.123958 74.793984 130.924950 1.024737 
0.124067 74.790808 130.913792 1.024788 
0.123908 74.793197 130.903454 1.024739 
0.124075 74.789367 130.896718 1.024845 
0.123814 74.783589 130.889427 1.024872 
0.123745 74.788921 130.887141 1.024833 
0.123799 74.791144 130.877507 1.024687 
0.123595 74.784285 130.879774 1.024618 
0.123540 74.779454 130.876594 1.024900 
0.123676 74.786511 130.876319 1.024787 
0.123514 74.782776 130.868184 1.024735 
0.123597 74.783632 130.862398 1.024846 
0.123432 74.779777 130.861071 1.024793 
0.123644 74.777649 130.859643 1.024814 
0.123589 74.774834 130.853873 1.024712 
0.123552 74.775371 130.855201 1.024700 
0.123505 74.768508 130.854570 1.024718 
0.123446 74.770353 130.854058 1.024806 
0.123464 74.765415 130.856086 1.024926 
0.123594 74.768550 130.848403 1.024797 
0.123538 74.765932 130.842779 1.024726 
0.123462 74.762762 130.849876 1.024879 
0.123450 74.764301 130.854098 1.024719 
0.123356 74.758574 130.841267 1.024760 
0.123225 74.758966 130.832677 1.024715 
0.123392 74.766146 130.838254 1.024896 
0.123464 74.763573 130.831460 1.024787 
0.123509 74.758481 130.827043 1.024693 
0.123610 74.761420 130.826311 1.024762 
0.123457 74.761286 130.821882 1.024855 
0.123408 74.757217 130.824633 1.024830 
0.123419 74.761671 130.819334 1.024669 
0.123180 74.762135 130.818659 1.024889 
0.123297 74.765806 130.815539 1.024771 
0.123144 74.768196 130.812904 1.024808 
0.123410 74.764407 130.814714 1.024817 
0.123167 74.771913 130.804920 1.024887 
0.123034 74.777679 130.810822 1.024784 
0.122987 74.772315 130.806038 1.024830 
0.123157 74.780948 130.808001 1.024811 
0.123034 74.775752 130.797761 1.024714 
0.122883 74.775507 130.791712 1.024644 
0.122977 74.779534 130.781187 1.024735 
0.122943 74.782653 130.782222 1.024707 
0.123006 74.777642 130.770712 1.024817 
0.122761 74.783783 130.761826 1.024806 
0.122759 74.780234 130.761401 1.024527 
0.122808 74.784658 130.752640 1.024882 
0.122522 74.778955 130.739111 1.024793 
0.122651 74.780199 130.729940 1.024704 
0.122595 74.786620 130.725023 1.024728 
0.122556 74.788694 130.711963 1.024808 
0.122322 74.792711 130.698470 1.024838 
0.122425 74.791883 130.703499 1.025007 
0.122514 74.791344 130.691272 1.024863 
0.122378 74.789749 130.683525 1.024836 
0.122133 74.795032 130.680556 1.024833 
0.122109 74.795638 130.675961 1.024823 
0.122288 74.790047 130.665501 1.024770 
0.122133 74.793478 130.666210 1.024721 
0.121906 74.791311 130.660855 1.024782 
0.121972 74.792530 130.657716 1.024709 
0.121900 74.797749 130.653711 1.024934 
0.121714 74.799559 130.640517 1.024809 
0.121635 74.793667 130.635235 1.024797 
0.121606 74.788322 130.633298 1.024674 
0.121387 74.785256 130.627776 1.024851 
0.121457 74.786208 130.610057 1.024926 
0.121314 74.785628 130.608975 1.024954 
0.121131 74.783260 130.610208 1.024749 
0.121155 74.793865 130.597033 1.024806 
0.121219 74.788949 130.594048 1.025015 
0.120798 74.778179 130.586326 1.024890 
0.120781 74.780357 130.579010 1.024827 
0.120580 74.785865 130.577433 1.024587 
0.120538 74.787058 130.572419 1.024707 
0.120502 74.781740 130.567332 1.024797 
0.120356 74.788683 130.570240 1.024872 
0.120264 74.784422 130.556272 1.024766 
0.120251 74.786300 130.558419 1.024711 
0.120084 74.789727 130.550467 1.024624 
0.120118 74.788738 130.546218 1.024669 
0.119830 74.778434 130.535435 1.024883 
0.120110 74.788052 130.542344 1.024763 
0.119852 74.790344 130.528187 1.024846 
0.119820 74.799834 130.518442 1.024491 
0.119941 74.792693 130.515358 1.024741 
0.119681 74.788936 130.507825 1.024720 
0.119825 74.798407 130.502979 1.024843 
0.119869 74.792833 130.498293 1.025022 
0.119607 74.792467 130.502306 1.024882 
